1,139.7023537,35.6618108
2,139.7023966,35.6610611
3,139.7023966,35.6603812
4,139.7025468,35.6595967
5,139.702976,35.6585506
6,139.7029974,35.6617153
7,139.7029974,35.6610876
8,139.7030403,35.6604426
9,139.7031989,35.6597498
10,139.7041859,35.6588781
11,139.7050228,35.6595232
12,139.7042932,35.6612317
13,139.7037997,35.6610051
14,139.7038426,35.6606913
15,139.7030684,35.660043
16,139.703637,35.6601999
17,139.7038731,35.6597989
18,139.7041927,35.6606406
19,139.7046111,35.6607714
20,139.7049169,35.6609327
21,139.7044823,35.6599389
22,139.70489 3,5.6599999
23,139.7058556,35.6603181
24,139.7054587,35.6600871
25,139.7055928,35.6599128
26,139.7051534,35.6594137
27,139.7044561,35.6585987
28,139.7031096,35.6582543
from,to
1,2
1,6
2,3
2,7
3,4
3,8
4,9
4,5
5,10
5,28
6,7
6,12
7,13
8,14
8,15
9,17
10,11
10,27
11,22
11,26
12,13
12,20
13,14
14,18
15,16
16,17
17,21
18,19
19,20
19,22
20,23
21,22
22,24
23,24
23,25
24,25
25,26
26,27
27,28
